  Tiempo Cantidad
1     0.0     99.4
2     0.1     97.0
3     0.3     96.0
4     0.4     91.9
5     0.6     89.3
6     0.7     88.4
7     0.9     84.7
8     1.0     80.6
9     1.1     78.9
10    1.3     76.9
11    1.4     76.4
12    1.6     73.4
13    1.7     71.4
14    1.9     69.1
15    2.0     66.5
16    2.1     66.9
17    2.3     63.8
18    2.4     59.6
19    2.6     60.5
20    2.7     57.6
21    2.9     55.4
22    3.0     54.7
23    3.1     52.3
24    3.3     51.1
25    3.4     49.7
26    3.6     47.3
27    3.7     48.4
28    3.9     46.4
29    4.0     43.8
30    4.1     44.9
31    4.3     42.9
32    4.4     40.9
33    4.6     41.0
34    4.7     39.8
35    4.9     38.7
36    5.0     37.5
37    5.1     36.3
38    5.3     34.7
39    5.4     33.5
40    5.6     32.4
41    5.7     31.2
42    5.9     30.8
43    6.0     28.9
44    6.1     31.4
45    6.3     29.7
46    6.4     26.5
47    6.6     26.5
48    6.7     25.6
49    6.9     26.2
50    7.0     24.6